89.33333333333333
56.333333333333336
71.0
76.0
95.0
61.333333333333336
73.66666666666667
83.33333333333333
57.0
81.66666666666667
52.333333333333336
70.0
78.33333333333333
36.0
74.0
41.666666666666664
70.66666666666667
39.333333333333336
48.333333333333336
63.666666666666664
76.0
66.0
48.666666666666664
45.0
55.666666666666664
71.66666666666667
57.0
40.666666666666664
63.666666666666664
72.0
58.666666666666664
56.666666666666664
75.33333333333333
67.33333333333333
56.0
77.0
64.0
90.33333333333333
62.0
80.0
67.66666666666667
67.33333333333333
78.66666666666667
69.0
79.33333333333333
65.66666666666667
64.66666666666667
58.0
58.333333333333336
38.0
57.0
67.0
55.333333333333336
57.0
58.333333333333336
78.33333333333333
53.666666666666664
71.0
71.33333333333333
71.0
64.33333333333333
58.333333333333336
57.333333333333336
77.0
50.333333333333336
45.0
55.333333333333336
54.666666666666664
39.0
48.333333333333336
88.0
66.33333333333333
58.0
77.33333333333333
83.0
55.666666666666664
69.0
61.666666666666664
55.666666666666664
62.666666666666664
35.0
73.0
66.0
55.0
57.0
59.0
61.0
94.0
87.33333333333333
33.333333333333336
69.66666666666667
53.333333333333336
36.666666666666664
62.0
85.0
48.0
83.33333333333333
82.66666666666667
68.66666666666667
54.333333333333336
66.66666666666667
54.333333333333336
45.0
59.333333333333336
69.33333333333333
69.33333333333333
30.666666666666668
62.0
56.666666666666664
73.66666666666667
60.666666666666664
83.66666666666667
85.0
49.0
75.33333333333333
65.49565217391304 63.017391304347825 62.47826086956522 